1 3920.9
2 3920.53
3 3923.06
4 3921.78
5 3926.09
6 3921.14
7 3918.82
8 3918.67
9 3922.36
10 3930.39
11 3936.37
12 3937.35
13 3943.89
14 3932.83
15 3932.52
16 3932.2
17 3929.3
18 3925.28
19 3922.22
20 3925.55
21 3925.75
22 3918.69
23 3922.2
24 3921.83
25 3924.1
26 3925.98
27 3923.79
28 3923.78
29 3925.23
30 3951.58
31 3959.79
32 3970
33 3969.75
34 3963.08
35 3954.41
36 3937.05
37 3942.41
38 3940.62
39 3944.82
40 3949.02
41 3951.99
42 3950.87
43 3943.01
44 3941.78
45 3943.03
46 3939.61
47 3935.55
48 3937.05
49 3931.78
50 3931.25
51 3930.26
52 3932.85
53 3937.35
54 3945
55 3940.19
56 3939.52
57 3949.79
58 3949.79
59 3957.45
60 3950
61 3946.8
62 3947.43
63 3952
64 3949.19
65 3947.81
66 3949.44
67 3938.47
68 3949.3
69 3952.34
70 3946.84
71 3935
72 3924
73 3931
74 3937.17
75 3932.29
76 3936.6
77 3930.41
78 3927.84
79 3920.55
80 3912.46
81 3916.51
82 3913
83 3919
84 3924.3
85 3923.49
86 3920.31
87 3919.6
88 3919.67
89 3920.41
90 3923.81
91 3919.51
92 3920.07
93 3917.01
94 3914.29
95 3915
96 3916.88
97 3918.94
98 3923.82
99 3923.98
100 3917.43
101 3916.43
102 3916.3
103 3914.59
104 3920.22
105 3923.83
106 3922.14
107 3920.84
108 3920.23
109 3920.6
110 3903.14
111 3901.35
112 3903.01
113 3900
114 3900.35
115 3897.22
116 3900.6
117 3908.71
118 3904.55
119 3907.27
120 3907.1
121 3912
122 3914.08
123 3916.8
124 3912.96
125 3913.04
126 3913.56
127 3914.5
128 3910.21
129 3908.4
130 3910.84
131 3914.93
132 3917.43
133 3917.57
134 3920.95
135 3922.51
136 3925.82
137 3925.92
138 3927.6
139 3927
140 3928.63
141 3930
142 3934.54
143 3933.04
144 3934.19
145 3932.49
146 3938
147 3936.19
148 3936.85
149 3933.84
150 3930.7
151 3927.08
152 3930.01
153 3930.01
154 3926.73
155 3928.8
156 3929.82
157 3930
158 3934.44
159 3938.46
160 3936.95
161 3937.88
162 3939.06
163 3939.06
164 3941.13
165 3941.05
166 3940
167 3940.11
168 3945.35
169 3946.58
170 3952
171 3952.7
172 3955.82
173 3960.24
174 3955
175 3951.2
176 3948.86
177 3951.82
178 3948.91
179 3946.83
180 3943.71
181 3941.53
182 3945
183 3950
184 3951.03
185 3947.47
186 3947.58
187 3950.15
188 3948.63
189 3948.39
190 3945.65
191 3941.37
192 3938.18
193 3942.89
194 3940.36
195 3940.33
196 3940
197 3940.88
198 3941
199 3945.31
200 3942.01
201 3937.5
202 3930
203 3920
204 3915
205 3913.02
206 3914.11
207 3903
208 3904.39
209 3910
210 3900
211 3864.3
212 3872.74
213 3875
214 3880
215 3893.75
216 3893.13
217 3896.12
218 3903.42
219 3903.05
220 3896.01
221 3890.79
222 3897.78
223 3896.47
224 3901
225 3897.7
226 3897.87
227 3889
228 3890.41
229 3894.52
230 3897.71
231 3901.97
232 3904.31
233 3910.4
234 3912
235 3911.13
236 3916.54
237 3918.46
238 3925.64
239 3929.63
240 3932.92
241 3934.51
242 3928.52
243 3928.19
244 3929.77
245 3936.17
246 3937.04
247 3935.06
248 3935
249 3939.67
250 3930.49
251 3928
252 3933.57
253 3928.21
254 3927.51
255 3928.01
256 3929.9
257 3928.33
258 3922.6
259 3922.6
260 3912.04
261 3912.58
262 3917.79
263 3918
264 3932.04
265 3937.27
266 3937.8
267 3929.87
268 3930
269 3925.44
270 3920.35
271 3925.31
272 3929.31
273 3935.86
274 3932.37
275 3930.1
276 3934.81
277 3934.09
278 3932.5
279 3931.64
280 3925.86
281 3924.41
282 3930.26
283 3924.88
284 3927.78
285 3933.16
286 3928.81
287 3926.25
288 3927
289 3931.54
290 3934.52
291 3936.2
292 3936.44
293 3934.38
294 3934.78
295 3943.64
296 3943.64
297 3951.61
298 3950.1
299 3949.7
300 3953.09
301 3939.26
302 3937.23
303 3939.01
304 3939
305 3941.02
306 3937.8
307 3937.33
308 3931.8
309 3928.11
310 3926
311 3930.18
312 3931.99
313 3931.18
314 3932.31
315 3938.72
316 3938.28
317 3940.56
318 3946.02
319 3945
320 3941.61
321 3942.15
322 3940.72
323 3939.9
324 3938.81
325 3940.82
326 3948.25
327 3952.7
328 3953.59
329 3956.18
330 3950.84
331 3953.32
332 3950.8
333 3940.55
334 3944.26
335 3943.79
336 3946.04
337 3941.54
338 3936.2
339 3934.12
340 3933.37
341 3937
342 3935.15
343 3927.28
344 3920.1
345 3920.13
346 3923.64
347 3923.76
348 3919
349 3919
350 3920.69
351 3922.5
352 3922.5
353 3928.32
354 3926.38
355 3913
356 3925.58
357 3918.98
358 3912.69
359 3906.81
360 3902
361 3900
362 3900
363 3890.49
364 3888.41
365 3898.82
366 3891.55
367 3894.56
368 3889.99
369 3891.78
370 3900.6
371 3901.68
372 3901.22
373 3896
374 3900.33
375 3902.9
376 3911.44
377 3906.72
378 3907.73
379 3916.4
380 3925.8
381 3928.11
382 3930.64
383 3931.93
384 3936.94
385 3939.33
386 3933.76
387 3934.5
388 3934.78
389 3928.31
390 3926.9
391 3930
392 3926.01
393 3928
394 3930.21
395 3926.13
396 3916.88
397 3917
398 3911.72
399 3907.96
400 3908.21
401 3911.6
402 3909.03
403 3903.12
404 3904
405 3910
406 3913.74
407 3910
408 3910.02
409 3910.01
410 3915
411 3919.97
412 3927.24
413 3920.87
414 3916.43
415 3910
416 3906.1
417 3909.99
418 3910.56
419 3916.23
420 3916.49
421 3911.14
422 3910.82
423 3917.05
424 3916.81
425 3915
426 3919.11
427 3921.57
428 3920
429 3922.14
430 3921.87
431 3922.21
432 3917.09
433 3912.63
434 3915.99
435 3918.18
436 3914.12
437 3904.78
438 3898.81
439 3897.06
440 3892.85
441 3883.67
442 3878.37
443 3890.3
444 3894.13
445 3894
446 3893.4
447 3893.9
448 3883.55
449 3882.72
450 3879.86
451 3870
452 3870
453 3851
454 3845.82
455 3840.36
456 3795.85
457 3706.07
458 3743.62
459 3755
460 3750
461 3757.99
462 3751
463 3750
464 3770
465 3760.17
466 3751.04
467 3762.01
468 3760.08
469 3752.62
470 3741.91
471 3666
472 3688.06
473 3704.85
474 3711.68
475 3711
476 3727.14
477 3731.58
478 3726.01
479 3718.32
480 3728.43
481 3744.74
482 3755.44
483 3762.8
484 3757.1
485 3760.88
486 3755.56
487 3758.91
488 3750
489 3752.34
490 3742.06
491 3748.83
492 3753.63
493 3758.03
494 3756.17
495 3753.24
496 3748.97
497 3743.83
498 3741.3
499 3742.16
500 3752.64
501 3741.83
502 3740
503 3727.4
504 3711
505 3713.11
506 3732.95
507 3731.5
508 3730.39
509 3750.06
510 3751.65
511 3750.32
512 3752.98
513 3745.58
514 3746.48
515 3763.7
516 3764.55
517 3761.62
518 3755
519 3751.04
520 3746.68
521 3736.71
522 3726.51
523 3719.37
524 3729.9
525 3720.58
526 3706
527 3721.61
528 3620
529 3641
530 3658.23
531 3630.62
532 3500
533 3516.69
534 3393.06
535 3390
536 3005
537 3025.99
538 3273.26
539 3350
540 3359.79
541 3355.66
542 3370
543 3426.29
544 3400.04
545 3401.08
546 3434.87
547 3418.16
548 3405
549 3445.64
550 3460.65
551 3444
552 3433.65
553 3455.46
554 3460
555 3483.37
556 3515.71
557 3537.84
558 3551.72
559 3530.38
560 3515.67
561 3530.72
562 3528.37
563 3495.82
564 3426.19
565 3448.85
566 3450
567 3433.33
568 3425
569 3430.37
570 3417.16
571 3415.64
572 3426.48
573 3405.06
574 3340.01
575 3379.53
576 3412.49
577 3418.83
578 3408.45
579 3449.42
580 3449.04
581 3441.36
582 3436.41
583 3430.23
584 3423.43
585 3424.36
586 3450
587 3454.2
588 3457.39
589 3440
590 3424.06
591 3421.28
592 3426.23
593 3426.65
594 3400.01
595 3401.3
596 3408.14
597 3408.11
598 3409
599 3440.51
600 3425.88
601 3409.66
602 3386.77
603 3366.4
604 3362.64
605 3371.82
606 3394.68
607 3413.09
608 3400.84
609 3395.47
610 3363.22
611 3349.26
612 3316.97
613 3343.74
614 3335.2
615 3320.79
616 3331.38
617 3337.58
618 3341.01
619 3336.73
620 3351.39
621 3375.54
622 3368.46
623 3396.59
624 3415.94
625 3422.02
626 3424.69
627 3431.08
628 3432.9
629 3433.49
630 3426.91
631 3415.8
632 3403.69
633 3385.01
634 3396.69
635 3419.29
636 3426.21
637 3433.6
638 3424.06
639 3421.08
640 3419.54
641 3419.36
642 3417.55
643 3405.11
644 3377.08
645 3387.1
646 3384.62
647 3388
648 3404.7
649 3424.14
650 3438.04
651 3438
652 3443.34
653 3443.6
654 3452.32
655 3446.6
656 3443.79
657 3425
658 3431.98
659 3442.51
660 3430.74
661 3450.11
662 3468.85
663 3469.1
664 3480
665 3485.71
666 3493.56
667 3516.06
668 3516.36
669 3519.16
670 3520.94
671 3528.5
672 3517.54
673 3510.09
674 3504.8
675 3500.75
676 3490.27
677 3497.35
678 3494.52
679 3492.89
680 3487.78
681 3482.7
682 3444.23
683 3425.65
684 3421.1
685 3404.17
686 3422.41
687 3430.81
688 3436.66
689 3423.08
690 3426.39
691 3423.07
692 3415.1
693 3440.47
694 3450.72
695 3444.58
696 3453.08
697 3462.77
698 3462.45
699 3462.1
700 3457.74
701 3447.01
702 3434.14
703 3433.36
704 3434.6
705 3434.51
706 3435.99
707 3447.49
708 3460.77
709 3459.33
710 3441.95
711 3426.99
712 3428.45
713 3420.46
714 3405.08
715 3410.46
716 3420.01
717 3377.69
718 3370
719 3344.22
720 3342.25
721 3353
722 3339.87
723 3324.59
724 3283.46
725 3286.86
726 3288.25
727 3296.63
728 3321.86
729 3317.32
730 3320.01
731 3323.75
732 3300
733 3295.77
734 3309
735 3305
736 3288
737 3263
738 3246.92
739 3256.67
740 3261.33
741 3240
742 3216.03
743 3215.16
744 3222.55
745 3277.49
746 3317.08
747 3325
748 3333.46
749 3344.48
750 3348.23
751 3334.86
752 3332.83
753 3334.02
754 3340.01
755 3366.91
756 3367.84
757 3365.58
758 3362.69
759 3356.31
760 3360.09
761 3363.21
762 3359.52
763 3351.59
764 3342.85
765 3348.01
766 3352.12
767 3345.46
768 3334.02
769 3314.7
770 3321
771 3315.34
772 3330.87
773 3358.45
774 3390
775 3376.31
776 3372.36
777 3387.16
778 3401.09
779 3410
780 3421.01
781 3413.93
782 3413.43
783 3411.46
784 3415
785 3408.68
786 3399.98
787 3405.17
788 3420.75
789 3416.04
790 3418.05
791 3421.83
792 3423.61
793 3419.36
794 3423.76
795 3434.95
796 3392.22
797 3399.47
798 3402.09
799 3405.39
800 3414.45
801 3412
802 3376.4
803 3361.02
804 3394.46
805 3411.96
806 3405.27
807 3412.89
808 3404.67
809 3384.06
810 3386.02
811 3386.26
812 3380
813 3379.35
814 3389.51
815 3395.27
816 3406.13
817 3408.44
818 3395.99
819 3362.54
820 3352.21
821 3359.44
822 3371.3
823 3375.19
824 3375
825 3402.69
826 3405.02
827 3406
828 3406.37
829 3412.46
830 3421.56
831 3425.06
832 3420.34
833 3397.77
834 3399
835 3400
836 3402.56
837 3415.22
838 3425.02
839 3430.02
840 3427.23
841 3434.65
842 3460.44
843 3466.04
844 3472.76
845 3469.61
846 3484.17
847 3476.74
848 3472.48
849 3471
850 3472
851 3462.38
852 3458.86
853 3450
854 3447.78
855 3453.89
856 3461.24
857 3463.41
858 3470
859 3465.3
860 3473.61
861 3483.89
862 3473.24
863 3479.68
864 3496