1 51641.9
2 51677.01
3 51700
4 51696.4
5 51696.99
6 51713.21
7 51777.86
8 51790.12
9 51911.29
10 51910
11 51929.02
12 51942.36
13 51800
14 51777.62
15 51703.23
16 51700
17 51722.06
18 51701.02
19 51700
20 51625.98
21 51637.14
22 51637.31
23 51762.03
24 51821.72
25 51820.77
26 51852
27 51881.03
28 51859.16
29 51877.35
30 51888.01
31 51895.17
32 51906.33
33 51911.1
34 51874.28
35 51833.31
36 51835.34
37 51844.72
38 51938.41
39 51998.31
40 52003.62
41 52037.12
42 52042.26
43 52072.11
44 52124.38
45 52235.12
46 52254.97
47 52320
48 52442
49 52466.02
50 52434.17
51 52438.73
52 52438.74
53 52456.55
54 52504.29
55 52418.37
56 52334.76
57 52350.02
58 52390.16
59 52429.99
60 52476.08
61 52513.79
62 52600
63 52617.2
64 52600.96
65 52604.98
66 52612.02
67 52543.48
68 52650
69 52626.32
70 52559.56
71 52440.32
72 52439.28
73 52442.81
74 52400
75 52336.1
76 52372.51
77 52465.83
78 52426.4
79 52480
80 52451.73
81 52457.22
82 52581.1
83 52573.65
84 52568.94
85 52510.88
86 52523.62
87 52520
88 52470.89
89 52433.71
90 52434.16
91 52489.55
92 52512.97
93 52552.71
94 52594.26
95 52600
96 52610.08
97 52646.42
98 52705.54
99 52719.4
100 52726
101 52617.13
102 52639.91
103 52698
104 52737.41
105 52763.48
106 52780
107 52745.62
108 52690.19
109 52697.62
110 52651.59
111 52617.88
112 52615.43
113 52620
114 52622.07
115 52537.33
116 52552.86
117 52617.27
118 52620.37
119 52550
120 52550
121 52551.22
122 52562.21
123 52588.61
124 52640.1
125 52550.76
126 52501
127 52420
128 52392.27
129 52431.82
130 52434.77
131 52521.52
132 52553.91
133 52522.87
134 52482.39
135 52540
136 52605.09
137 52600.98
138 52642.24
139 52633.17
140 52614.88
141 52610.24
142 52581.02
143 52555.87
144 52538.12
145 52511
146 52548.45
147 52551.32
148 52502.73
149 52400
150 52329.43
151 52288
152 52175
153 52080
154 52061.42
155 52222.89
156 52264.75
157 52201.43
158 52260.18
159 52322
160 52254.38
161 52245.39
162 52328.74
163 52225.48
164 52250.17
165 52120
166 52000
167 51871
168 51379.79
169 51069
170 51243.68
171 51176.46
172 51180.82
173 51245.3
174 51190
175 51020
176 51333.57
177 51274.88
178 51244.51
179 51316.83
180 51251.01
181 51147.64
182 51190
183 50402
184 50672.12
185 50809.59
186 50809.44
187 50821.15
188 50900
189 50901
190 50845.17
191 50803.32
192 50885.09
193 50944.56
194 51011.72
195 51011.01
196 51138.07
197 51138.6
198 51077.66
199 51068.89
200 51046.86
201 51060
202 50969.53
203 51002.35
204 51014.89
205 51125.11
206 51056.02
207 50963.09
208 50963.08
209 50912.01
210 50928.57
211 50879.12
212 51032.95
213 50900.65
214 50917.54
215 50830
216 50707
217 50660.22
218 50784.71
219 50830
220 50826.2
221 51004.64
222 50971.5
223 50950
224 50781.57
225 50879.34
226 50893.08
227 50995
228 51019.19
229 51005.54
230 50850
231 50815.39
232 50786.33
233 50653.45
234 50559.13
235 50370
236 50662.95
237 50487
238 50170
239 50067.4
240 49692.43
241 49741.3
242 49944.3
243 49753.94
244 48400.72
245 48551.99
246 47300
247 47200
248 42900
249 42843.05
250 45387.27
251 46700
252 46400
253 46400
254 46621.72
255 46987.05
256 46500
257 45900.9
258 46451.4
259 46294.33
260 46320.24
261 46719.84
262 46974.53
263 46888.89
264 46700
265 46899
266 46834.15
267 47101.74
268 47259.05
269 47300
270 47390.7
271 47150
272 47127.37
273 47250
274 47281.01
275 47003.02
276 46569.62
277 46700
278 46827.23
279 46714.01
280 46688
281 46684.53
282 46586.05
283 46501
284 46602.42
285 46385
286 45901.57
287 46116.65
288 46466.05
289 46635.13
290 46540.83
291 47029.99
292 47090.54
293 46892.42
294 46822.62
295 46813
296 46787.66
297 46775.04
298 46973.42
299 47037.96
300 46984.57
301 46851.78
302 46782.47
303 46712.96
304 46773.62
305 46836.96
306 46515.68
307 46614.88
308 46629.87
309 46653.18
310 46650.01
311 46992.61
312 46845.83
313 46625
314 46360.59
315 46300.85
316 46271.05
317 46380.76
318 46661.64
319 46793
320 46713.81
321 46609.87
322 46320
323 46270
324 46080.01
325 46179.41
326 46144.31
327 46124.3
328 46207.1
329 46257.96
330 46255.01
331 46306.29
332 46465.91
333 46585
334 46538
335 46732.79
336 46775.84
337 46815.6
338 46741.1
339 46766.33
340 46765.09
341 46750
342 46673.54
343 46635.66
344 46548.81
345 46447.56
346 46549.15
347 46714.01
348 46797.44
349 46910.05
350 46758.6
351 46675.57
352 46676.38
353 46731.82
354 46713
355 46619.37
356 46412.98
357 46500
358 46540
359 46568.66
360 46728.32
361 46859.82
362 46920
363 46908.47
364 46957.39
365 46981.78
366 47000.71
367 46907.38
368 46826.1
369 46736.84
370 46742.94
371 46795.02
372 46701.63
373 46839.01
374 46925.89
375 46902
376 46912.87
377 46934.21
378 46951.93
379 47130.01
380 47166
381 47165.15
382 47199
383 47208.85
384 47167.63
385 47123.87
386 47073.48
387 47081.41
388 47054.7
389 47054.7
390 47047.07
391 47022.73
392 46962.09
393 46800
394 46508
395 46300
396 46262.45
397 46234.29
398 46337.04
399 46400.6
400 46490.01
401 46362
402 46388.07
403 46357.07
404 46292.59
405 46521.74
406 46615.2
407 46620.86
408 46660.01
409 46688
410 46686.2
411 46679.3
412 46648.43
413 46532.31
414 46402
415 46324.11
416 46332.34
417 46356.91
418 46375
419 46507.49
420 46570
421 46494.89
422 46375.03
423 46230.34
424 46237.01
425 46239.6
426 45958.18
427 46074.4
428 46225.38
429 45636.1
430 45646.43
431 45300
432 45309.58
433 45478.98
434 45365.8
435 45233.03
436 45007
437 45050
438 45090.58
439 45150.01
440 45358
441 45336.01
442 45343.24
443 45359.92
444 45240.31
445 45230.29
446 45275.47
447 45271
448 45191.15
449 45055.01
450 45025.04
451 45048.26
452 45122
453 44850
454 44517
455 44412.02
456 44456.54
457 45052.23
458 45509.35
459 45554.21
460 45636
461 45732.87
462 45759.3
463 45728
464 45727
465 45757.83
466 45789.96
467 46039.87
468 45990.01
469 45979.01
470 45986.98
471 46033.76
472 46057.84
473 46106
474 46128.24
475 46065.3
476 46019.58
477 46100.8
478 46126.86
479 46126
480 46034.01
481 45800
482 45853.51
483 45825
484 45983.5
485 46207.34
486 46420.03
487 46344.27
488 46340
489 46523.83
490 46461.82
491 46465
492 46538.06
493 46492.56
494 46468.15
495 46407.57
496 46440.02
497 46424.01
498 46361.99
499 46393.75
500 46514.31
501 46436.94
502 46460.99
503 46512.58
504 46538.54
505 46452.86
506 46510.26
507 46562.24
508 46114.66
509 46220
510 46216.21
511 46254.25
512 46339.39
513 46306.62
514 45900
515 45583
516 46071.09
517 46420
518 46344.24
519 46400.65
520 46370
521 46153.84
522 46180.64
523 46152.79
524 46100
525 46048
526 46115.31
527 46144
528 46207.22
529 46207.22
530 46132.03
531 45755
532 45682.56
533 45648.53
534 45757.5
535 45811.21
536 45760.02
537 45946.83
538 46105.32
539 46025.13
540 46050
541 46069
542 46163.25
543 46165.68
544 46090
545 45873.69
546 45878.34
547 45860.01
548 45868
549 45935
550 46034.92
551 46132.29
552 46140.61
553 46220.98
554 46315.47
555 46386.35
556 46353.01
557 46350
558 46390.1
559 46326.76
560 46315.78
561 46314.34
562 46306.13
563 46185.01
564 46142.2
565 46001.87
566 45991.28
567 46001.17
568 46123
569 46178.32
570 46111.77
571 46090
572 46162.35
573 46220
574 46146.34
575 46221.77
576 46250
577 46265.09
578 46285.03
579 46258.13
580 46245.67
581 46267.45
582 46345
583 46355.47
584 46302.2
585 46330.8
586 46383.26
587 46351.01
588 46325.92
589 46262.57
590 46250
591 46272.47
592 46270
593 46284.07
594 46371.17
595 46034
596 46003.01
597 45827.9
598 45908
599 45967.44
600 45940.14
601 45989.82
602 45959.41
603 45947.36
604 45908.65
605 45962.3
606 46005.35
607 46006.83
608 46160.23
609 46170.71
610 46075
611 46042.16
612 46042.16
613 46111.99
614 46194.42
615 46111.11
616 46090.55
617 45978.84
618 45920.99
619 45968.83
620 46124.08
621 46176.44
622 46305.91
623 46541.79
624 46563.03
625 46570.09
626 46528.85
627 46557.37
628 46599
629 46600
630 46550.49
631 46558.42
632 46357.31
633 46376.6
634 46353.56
635 46300
636 46256.67
637 46255.55
638 46185.31
639 46117.07
640 46010.01
641 45960
642 45971.97
643 45975.59
644 45858.36
645 45940.97
646 45955.01
647 45970.76
648 45894.73
649 45909.64
650 45979.76
651 46059.13
652 46014.1
653 46086.91
654 46235.05
655 46218.41
656 46193.73
657 46112.13
658 46005.47
659 45954.56
660 46045.5
661 46011.37
662 45892.03
663 45937.51
664 45932.42
665 45942.05
666 46032.99
667 46098.45
668 46172.86
669 46165.49
670 46134.66
671 46091.36
672 45878.9
673 45701
674 45742.9
675 45752.11
676 45797.05
677 45862.39
678 45729.65
679 45513.08
680 45557.28
681 45784.24
682 45784.24
683 45828.01
684 45901.56
685 45874.01
686 45880.51
687 45950
688 45955.83
689 45862.6
690 45927.02
691 45922.53
692 45956.46
693 46081.01
694 46115.36
695 46130.59
696 46111.11
697 46050.11
698 46009.35
699 46073.61
700 46154.21
701 46228.82
702 46150
703 46071.49
704 46008.29
705 46080.57
706 46159.4
707 46205.42
708 46190.75
709 46126
710 46145.34
711 46225.01
712 46225.62
713 46283.42
714 46263.52
715 46291.25
716 46209.1
717 46214.7
718 46151.82
719 46150
720 46030.82
721 46034.9
722 46065.01
723 46117.03
724 46102.66
725 46090.15
726 46146.44
727 45906.08
728 45883.42
729 46021.57
730 46026.02
731 46199.91
732 46148.47
733 46131.74
734 46140.92
735 46103.33
736 46058.72
737 46100.93
738 46213.48
739 46210.01
740 46225.76
741 46363.27
742 46355
743 46333.41
744 46420
745 46362.01
746 46390
747 46364.23
748 46250
749 46245.78
750 46159.01
751 46207.22
752 46275.35
753 46322.12
754 46311.99
755 46271.53
756 46229.5
757 46252.12
758 46244.77
759 46223
760 46212.6
761 46111.11
762 46150.91
763 46042.14
764 45976.12
765 46069
766 45888.38
767 45964.44
768 46004.27
769 45997.2
770 45973.47
771 45963.94
772 45932.38
773 46081.9
774 46090.02
775 46070.8
776 46171.27
777 46220
778 46211.96
779 46239.17
780 46270.86
781 46283
782 46300.02
783 46337.66
784 46253.57
785 46257.32
786 46288.8
787 46293.14
788 46375.75
789 46309.37
790 46072.14
791 46071
792 46000
793 45701.32
794 45599
795 45650
796 45712.57
797 45870.96
798 46253.98
799 46654.03
800 46851.17
801 46870.6
802 46900
803 47011
804 47062
805 47051.79
806 46875.18
807 46935.6
808 46850.01
809 46900.01
810 46838.74
811 46872.8
812 47012.01
813 46984.18
814 47000.24
815 46963.41
816 46988.01
817 46932.95
818 46940
819 46992.74
820 47010.11
821 46959.23
822 46913.64
823 46931.77
824 46690.04
825 46756.33
826 46875
827 46850.42
828 46866.12
829 46805.95
830 46761.21
831 46790.58
832 46827.34
833 46876.66
834 46901.32
835 46979.9
836 46880.76
837 46869.69
838 46844.62
839 46935.15
840 46948.55
841 47021.75
842 47027.16
843 47122.66
844 47064.88
845 47110.54
846 47089.73
847 47120
848 47106.52
849 47113
850 47071.27
851 47041.42
852 47015.84
853 46936.71
854 46850
855 46850
856 46810.66
857 46772.33
858 46751.07
859 46733
860 46751.02
861 46610.01
862 46524
863 46500
864 46460.87